[gd_scene load_steps=10 format=2]

[ext_resource path="res://Spatial.gd" type="Script" id=1]
[ext_resource path="res://Player.tscn" type="PackedScene" id=2]
[ext_resource path="res://chair.tscn" type="PackedScene" id=3]
[ext_resource path="res://pinata.tscn" type="PackedScene" id=4]
[ext_resource path="res://worker.tscn" type="PackedScene" id=5]

[sub_resource type="QuadMesh" id=1]

[sub_resource type="SpatialMaterial" id=2]
albedo_color = Color( 0.584314, 0.117647, 0.117647, 1 )

[sub_resource type="CubeMesh" id=3]

[sub_resource type="SpatialMaterial" id=4]
albedo_color = Color( 0.12549, 0.137255, 0.662745, 1 )

[node name="Spatial" type="Spatial"]
script = ExtResource( 1 )

[node name="MeshInstance" type="MeshInstance" parent="."]
transform = Transform( 40, 0, 0, 0, 2.38498e-007, 0, 0, -20, 0, 0, 0, 0 )
mesh = SubResource( 1 )
material/0 = SubResource( 2 )

[node name="Player" parent="." instance=ExtResource( 2 )]
transform = Transform( 1, 0, 0, 0, 1, 0, 0, 0, 1, 0, 1, 0 )

[node name="MeshInstance2" type="MeshInstance" parent="."]
transform = Transform( 1, 0, 0, 0, 1, 0, 0, 0, 1, 0, 0, -5 )
mesh = SubResource( 3 )
material/0 = SubResource( 4 )

[node name="Chair" parent="." instance=ExtResource( 3 )]
transform = Transform( 0.0988359, 0, 0.995104, 0, 1, 0, -0.995104, 0, 0.0988359, -5.26894, -0.00136793, 2.56364 )

[node name="Pinata" parent="." instance=ExtResource( 4 )]
transform = Transform( 0.0468475, 0, 0.245571, 0, 0.25, 0, -0.245571, 0, 0.0468475, -14.2079, 0.269209, 3.90128 )

[node name="Chair2" parent="." instance=ExtResource( 3 )]
transform = Transform( -0.278943, 0, -0.960308, 0, 1, 0, 0.960308, 0, -0.278943, 3.13101, 0.0309466, 3.54386 )

[node name="Worker" parent="." instance=ExtResource( 5 )]
transform = Transform( 0.606429, 0, -0.795137, 0, 1, 0, 0.795137, 0, 0.606429, 9.54451, -0.00229251, -2.74894 )

[node name="Worker2" parent="." instance=ExtResource( 5 )]
transform = Transform( -0.376469, 0, -0.926429, 0, 1, 0, 0.926429, 0, -0.376469, 9.00952, 0.00596905, 1.42339 )
